17
14
14
33
10
9
18
15
15
6
15
6
17
15
6
17
13
15
6
17
13
25
31
31
19
31
19
4
31
19
4
33
31
19
4
33
34
31
19
4
33
34
25
3
27
27
11
27
11
32
27
11
32
13
27
11
32
13
33
27
11
32
13
33
32
27
11
32
13
33
32
26
33
3
1
35
31
31
18
31
18
21
32
11
11
8
11
8
23
11
8
23
2
11
8
23
2
21
11
8
23
2
21
24
11
8
23
2
21
24
29
15
15
18
2
2
32
2
32
15
2
32
15
19
30
21
25
17
7
21
21
32
33
33
18
2
19
33
17
30
35
20
12
33
10
19
2
16
9
22
15
8
28
35
29
26
16
33
14
11
23
31
15
5
2
26
23
18
14
26
2
22
9
5
26
7
30
31
29
31
11
27
29
17
6
25
8
26
22
12
13
3
20
1
24
34
22
35
15
30
11
16
32
23
20
24
1
16
33
22
11
5
21
4
33
25
5
26
8
35
20
4
6
6
18
9
30
27
